00000000000000000000
00000000000000000000
00000600000000000000
00000000000606606060
00000000000000000006
06606606660600000000
00000006066060606006
60600000000000006060
60666666606060600000
00000006060600606066
06606000000000060606
06066666060660600000
00006060606060606060
66066600000000060606
06066060606666060000
00060606060660606060
60606066000000606060
60666060606606600000
00600606606060606606
00660606000006060606
66060606006000660600
06006066660666606606
06060660000060060060
60066666060606600600
00060606060660666606
06600606000060060666
66666066666666066000
00606060006060666660
60606006000006060660
60666660666066066000
00060600606606606666
66060600000006060606
06666666660666606000
00006060660006666066
66066000000000060606
66666066606660600000
00000606606666666666
06060000000000000606
66666606066606000000
00000000606060666660
60000000000000000000
66660606060000000000
00000000000000606000
00000000000000000000
00000000000000000000
