00000000000000000000
00000000000000000000
00000000000000000000
00000000000000000000
00000000000000000000
00000000000000000000
00000000000000000000
00000000000000000000
00666666000000000000
00000000006666666666
00000000000000000666
66666666666600000000
00000006666666666666
66000000000000000666
66666666666660000000
00000006666666666666
66600000000000006666
66666666666666000000
00000066666666666666
66660000000000006666
66666666666666000000
00000066666666666666
66660000000000006666
66666666666666000000
00000066666666666666
66660000000000000666
66666666666660000000
00000006666666666666
66600000000000000666
66666666666660000000
00000006666666666666
66000000000000000000
66666666660000000000
00000000006666666600
00000000000000000000
00000000000000000000
00000000000000000000
00000000000000000000
00000000000000000000
00000000000000000000
00000000000000000000
00000000000000000000
00000000000000000000
00000000000000000000
00000000000000000000
